pix_T_cam: 384.0 0.0 384.0 0.0 0.0 384.0 128.0 0.0 0.0 0.0 1.0 0.0 0.0 0.0 0.0 1.0
camX_T_origin: -0.34202045 0.9396925 9.313226e-10 209.65567 -0.0750955 -0.027332554 -0.9968017 18.095898 0.93668705 0.34092656 -0.07991497 -189.80722 0.0 0.0 0.0 1.0
camX_T_camR: 0.9396925 0.027332554 -0.34092656 4.636007 -0.027332554 0.9996148 0.00480406 0.38463786 0.34092656 0.004804049 0.94007766 -4.7976804 0.0 0.0 0.0 1.0