pix_T_cam: 384.0 0.0 384.0 0.0 0.0 384.0 128.0 0.0 0.0 0.0 1.0 0.0 0.0 0.0 0.0 1.0
camX_T_origin: -0.6427874 0.7660446 1.8626451e-09 264.92697 -0.061218433 -0.051368333 -0.9968017 10.997078 0.76359457 0.6407316 -0.07991497 -101.26162 0.0 0.0 0.0 1.0
camX_T_camR: 0.76604474 0.051368337 -0.6407316 8.7128525 -0.051368345 0.9985058 0.018636743 -0.21487546 0.6407315 0.018636733 0.76753867 2.6802168 0.0 0.0 0.0 1.0