pix_T_cam: 384.0 0.0 384.0 0.0 0.0 384.0 128.0 0.0 0.0 0.0 1.0 0.0 0.0 0.0 0.0 1.0
camX_T_origin: -5.326322e-07 -1.0 -6.59628e-24 -129.09654 0.07991497 -4.2565286e-08 -0.9968017 -18.25669 -0.9968017 5.309287e-07 -0.07991497 263.6287 0.0 0.0 0.0 1.0
camX_T_camR: -1.0 4.256528e-08 -5.309287e-07 1.0384993e-05 -4.2565286e-08 0.98722714 0.15931876 -1.558142 5.309287e-07 0.15931875 -0.98722714 19.435135 0.0 0.0 0.0 1.0