pix_T_cam: 384.0 0.0 384.0 0.0 0.0 384.0 128.0 0.0 0.0 0.0 1.0 0.0 0.0 0.0 0.0 1.0
camX_T_origin: 0.3420204 -0.93969256 6.4995725e-18 -209.65567 0.0750955 0.02733255 -0.9968017 -13.811747 -0.9366871 -0.3409265 -0.07991497 208.18576 0.0 0.0 0.0 1.0
camX_T_camR: -0.9396925 -0.027332544 0.34092647 -4.63603 0.027332556 0.9876123 0.1545147 -1.8213011 -0.34092653 0.15451469 -0.9273048 22.717577 0.0 0.0 0.0 1.0