pix_T_cam: 384.0 0.0 384.0 0.0 0.0 384.0 128.0 0.0 0.0 0.0 1.0 0.0 0.0 0.0 0.0 1.0
camX_T_origin: -0.6427874 0.7660446 1.8626451e-09 264.92697 -0.061218433 -0.051368333 -0.9968017 11.076207 0.76359457 0.6407316 -0.07991497 -102.24863 0.0 0.0 0.0 1.0
camX_T_camR: 0.76604474 0.051368337 -0.6407316 8.712858 -0.051368345 0.9985058 0.018636743 -0.13574526 0.6407315 0.018636733 0.76753867 1.6931982 0.0 0.0 0.0 1.0