pix_T_cam: 384.0 0.0 384.0 0.0 0.0 384.0 128.0 0.0 0.0 0.0 1.0 0.0 0.0 0.0 0.0 1.0
camX_T_origin: -0.98480767 0.17364857 1.7291753e-18 276.79504 -0.013877121 -0.07870088 -0.9968017 -4.4845915 0.17309318 0.981658 -0.07991497 91.845535 0.0 0.0 0.0 1.0
camX_T_camR: 0.17364858 0.078700885 -0.981658 13.34887 -0.078700885 0.9947226 0.06582665 -0.58135813 0.981658 0.06582664 0.17892599 7.2514644 0.0 0.0 0.0 1.0