pix_T_cam: 384.0 0.0 384.0 0.0 0.0 384.0 128.0 0.0 0.0 0.0 1.0 0.0 0.0 0.0 0.0 1.0
camX_T_origin: -0.9848076 -0.17364883 3.7252903e-09 231.96007 0.013877138 -0.07870087 -0.9968017 -11.276751 -0.17309345 0.9816579 -0.07991497 176.56606 0.0 0.0 0.0 1.0
camX_T_camR: -0.17364883 0.07870088 -0.98165786 13.348853 -0.07870088 0.9925046 0.093492135 -0.5807488 0.98165786 0.09349213 -0.16615342 7.2438426 0.0 0.0 0.0 1.0