pix_T_cam: 384.0 0.0 384.0 0.0 0.0 384.0 128.0 0.0 0.0 0.0 1.0 0.0 0.0 0.0 0.0 1.0
camX_T_origin: -0.8660253 -0.5000001 6.916701e-18 159.14754 0.039957494 -0.06920839 -0.9968017 -16.90016 -0.49840096 0.8632555 -0.07991497 246.70837 0.0 0.0 0.0 1.0
camX_T_camR: -0.5000002 0.06920838 -0.86325544 11.738817 -0.06920838 0.9904203 0.11948907 -1.0465175 0.86325556 0.11948907 -0.4904205 13.053506 0.0 0.0 0.0 1.0