pix_T_cam: 384.0 0.0 384.0 0.0 0.0 384.0 128.0 0.0 0.0 0.0 1.0 0.0 0.0 0.0 0.0 1.0
camX_T_origin: 0.6427874 0.7660446 0.0 -67.13933 -0.061218433 0.051368337 -0.9968017 24.413828 0.76359457 -0.6407316 -0.07991497 -268.61252 0.0 0.0 0.0 1.0
camX_T_camR: 0.76604474 -0.051368337 0.6407316 -8.712859 0.051368345 0.9985058 0.018636743 -0.06108684 -0.6407315 0.018636735 0.76753867 0.76196945 0.0 0.0 0.0 1.0