pix_T_cam: 384.0 0.0 384.0 0.0 0.0 384.0 128.0 0.0 0.0 0.0 1.0 0.0 0.0 0.0 0.0 1.0
camX_T_origin: 0.8660253 -0.5000001 -6.916701e-18 -288.24426 0.039957494 0.06920839 -0.9968017 1.1824367 -0.49840096 -0.8632555 -0.07991497 21.159117 0.0 0.0 0.0 1.0
camX_T_camR: -0.5000002 -0.06920838 0.86325544 -11.738819 0.06920838 0.9904203 0.11948907 -0.8330689 -0.86325556 0.11948907 -0.4904205 10.39109 0.0 0.0 0.0 1.0