pix_T_cam: 384.0 0.0 384.0 0.0 0.0 384.0 128.0 0.0 0.0 0.0 1.0 0.0 0.0 0.0 0.0 1.0
camX_T_origin: 0.0 1.0 0.0 129.09668 -0.07991497 0.0 -0.9968017 22.555418 0.9968017 0.0 -0.07991497 -245.43204 0.0 0.0 0.0 1.0
camX_T_camR: 1.0 0.0 0.0 0.0 0.0 1.0 4.6239825e-09 0.1360626 0.0 -5.490045e-09 0.9999999 -1.6971433 0.0 0.0 0.0 1.0