pix_T_cam: 384.0 0.0 384.0 0.0 0.0 384.0 128.0 0.0 0.0 0.0 1.0 0.0 0.0 0.0 0.0 1.0
camX_T_origin: -0.6427874 -0.7660446 1.8626451e-09 67.13931 0.061218433 -0.051368337 -0.9968017 -20.284208 -0.76359457 0.6407316 -0.07991497 288.91855 0.0 0.0 0.0 1.0
camX_T_camR: -0.7660447 0.051368337 -0.6407315 8.712849 -0.051368337 0.9887213 0.14068201 -1.5301065 0.6407316 0.14068201 -0.75476587 19.08544 0.0 0.0 0.0 1.0