pix_T_cam: 384.0 0.0 384.0 0.0 0.0 384.0 128.0 0.0 0.0 0.0 1.0 0.0 0.0 0.0 0.0 1.0
camX_T_origin: -0.8660254 0.5 -3.7252903e-09 288.24423 -0.039957482 -0.0692084 -0.9968017 3.8351018 0.49840084 0.86325556 -0.07991497 -11.928347 0.0 0.0 0.0 1.0
camX_T_camR: 0.50000006 0.0692084 -0.86325556 11.7387905 -0.06920839 0.9968067 0.039829686 0.12979649 0.86325556 0.039829686 0.50319314 -1.618985 0.0 0.0 0.0 1.0