pix_T_cam: 384.0 0.0 384.0 0.0 0.0 384.0 128.0 0.0 0.0 0.0 1.0 0.0 0.0 0.0 0.0 1.0
camX_T_origin: 0.9848077 -0.17364845 -1.7291753e-18 -276.795 0.01387711 0.07870088 -0.9968017 8.399911 -0.17309305 -0.981658 -0.07991497 -68.86646 0.0 0.0 0.0 1.0
camX_T_camR: -0.17364843 -0.078700885 0.98165786 -13.348884 0.078700885 0.9925046 0.09349211 -1.2241379 -0.981658 0.0934921 -0.16615303 15.269002 0.0 0.0 0.0 1.0