pix_T_cam: 384.0 0.0 384.0 0.0 0.0 384.0 128.0 0.0 0.0 0.0 1.0 0.0 0.0 0.0 0.0 1.0
camX_T_origin: 0.9848076 0.17364897 3.7252903e-09 -231.96005 -0.013877148 0.07870087 -0.9968017 16.34972 0.17309359 -0.98165786 -0.07991497 -168.02666 0.0 0.0 0.0 1.0
camX_T_camR: 0.17364898 -0.07870088 0.9816578 -13.348872 0.07870088 0.9947226 0.06582661 -0.06709844 -0.981658 0.06582662 0.17892638 0.8369271 0.0 0.0 0.0 1.0