pix_T_cam: 384.0 0.0 384.0 0.0 0.0 384.0 128.0 0.0 0.0 0.0 1.0 0.0 0.0 0.0 0.0 1.0
camX_T_origin: 0.8660253 0.5000001 1.3833402e-17 -159.14755 -0.039957494 0.06920839 -0.9968017 21.164793 0.49840096 -0.8632555 -0.07991497 -228.08638 0.0 0.0 0.0 1.0
camX_T_camR: 0.5000002 -0.06920838 0.8632555 -11.738802 0.06920839 0.9968067 0.03982968 -0.4096619 -0.86325544 0.03982967 0.50319326 5.1098504 0.0 0.0 0.0 1.0