pix_T_cam: 384.0 0.0 384.0 0.0 0.0 384.0 128.0 0.0 0.0 0.0 1.0 0.0 0.0 0.0 0.0 1.0
camX_T_origin: 0.34202012 0.9396926 -9.313226e-10 32.966797 -0.07509551 0.027332526 -0.9968017 24.786833 0.9366872 -0.34092623 -0.07991497 -273.26508 0.0 0.0 0.0 1.0
camX_T_camR: 0.9396926 -0.027332524 0.3409262 -4.6360073 0.027332528 0.9996148 0.004804048 0.01848596 -0.34092623 0.004804044 0.9400777 -0.23057984 0.0 0.0 0.0 1.0