pix_T_cam: 384.0 0.0 384.0 0.0 0.0 384.0 128.0 0.0 0.0 0.0 1.0 0.0 0.0 0.0 0.0 1.0
camX_T_origin: 0.64278764 -0.76604444 -5.2985005e-18 -264.92697 0.06121842 0.051368352 -0.9968017 -7.139942 -0.7635944 -0.64073175 -0.07991497 124.96648 0.0 0.0 0.0 1.0
camX_T_camR: -0.76604456 -0.051368345 0.6407317 -8.712835 0.051368333 0.9887213 0.14068198 -1.648809 -0.6407317 0.140682 -0.7547657 20.566065 0.0 0.0 0.0 1.0